Total Bootstraps 300																									
Num Species 8																									
BD	 CD	 FKW	 KW	 LPLT	 RD	 WBD	 WSD																		
Mean confusion										BD	 CD	 FKW	 KW	 LPLT	 RD	 WBD	 WSD								
0.6796	0.1484	0.0449	0	0.0007	0.0305	0.0359	0.06	0	BD	67.96	14.84	4.49	0	0.07	3.05	3.59	6	0.004273235				1			
0.0451	0.6237	0.0167	0	0	0.1428	0.1333	0.0384	0	CD	4.51	62.37	1.67	0	0	14.28	13.33	3.84		0.001741753						
0.0382	0.025	0.8592	0.0073	0.0285	0.0005	0.0414	0	0	FKW	3.82	2.5	85.92	0.73	2.85	0.05	4.14	0			1.45772E-13					
0	0	0.0566	0.808	0.1352	0	0.0002	0	0	KW	0	0	5.66	80.8	13.52	0	0.02	0				8.67451E-08				
0	0	0.004	0.3943	0.6014	0	0.0002	0	0	LPLT	0	0	0.4	39.43	60.14	0	0.02	0					0.036217044			
0.0262	0.0956	0.0119	0.0009	0.0059	0.5719	0.022	0.2655	0	RD	2.62	9.56	1.19	0.09	0.59	57.19	2.2	26.55						0.000307942		
0	0.3517	0.0067	0	0	0.0067	0.635	0	0	WBD	0	35.17	0.67	0	0	0.67	63.5	0							0.068465938	
0.0433	0.0389	0.0004	0	0.0001	0.2617	0.0329	0.6227	0	WSD	4.33	3.89	0.04	0	0.01	26.17	3.29	62.27								0
STD Confusion																									
0.2109	0.1417	0.0327	0	0.004	0.0326	0.0423	0.0369	0		21.09	14.17	3.27	0	0.4	3.26	4.23	3.69								
0.0438	0.1707	0.0222	0	0	0.0786	0.0674	0.0255	0		4.38	17.07	2.22	0	0	7.86	6.74	2.55								
0.0399	0.0404	0.1006	0.0104	0.0287	0.0024	0.0544	0	0		3.99	4.04	10.06	1.04	2.87	0.24	5.44	0								
0	0	0.0678	0.1307	0.0845	0	0.0025	0	0		0	0	6.78	13.07	8.45	0	0.25	0
0	0	0.0165	0.268	0.2652	0	0.0041	0	0		0	0	1.65	26.8	26.52	0	0.41	0
0.0375	0.0884	0.0205	0.0042	0.0107	0.1305	0.0306	0.0837	0		3.75	8.84	2.05	0.42	1.07	13.05	3.06	8.37
0	0.3423	0.0573	0	0	0.0573	0.3429	0	0		0	34.23	5.73	0	0	5.73	34.29	0
0.0282	0.0298	0.0032	0	0.0012	0.0509	0.0246	0.059	0		2.82	2.98	0.32	0	0.12	5.09	2.46	5.9
Lower 95% CI																	
0.3375	0	0	0	0	0	0	0	0									
0	0.2669	0	0	0	0.0307	0.0337	0	0									
0	0	0.6486	0	0	0	0	0	0									
0	0	0	0.5469	0	0	0	0	0									
0	0	0	0	0.1429	0	0	0	0									
0	0	0	0	0	0.32	0	0.08	0									
0	0	0	0	0	0	0	0	0									
0	0	0	0	0	0.1702	0	0.4894	0									
Upper 95% CI																	
0.95	0.4125	0.125	0	0.025	0.1	0.175	0.125	0									
0.1564	0.8589	0.0736	0	0	0.3252	0.2883	0.0859	0
0.1284	0.1351	1	0.0338	0.0946	0.0135	0.1959	0	0
0	0	0.2344	1	0.3281	0	0	0	0
0	0	0.0714	0.8571	1	0	0	0	0
0.12	0.26	0.06	0.02	0.04	0.78	0.1	0.43	0
0	1	0	0	0	0	1	0	0
0.1064	0.1064	0	0	0	0.3617	0.0851	0.7234	0
Run BD with 119 training and 0 tests								
Run CD with 487 training and 0 tests								
Run FKW with 221 training and 0 tests								
Run KW with 96 training and 0 tests								
Run LPLT with 42 training and 0 tests								
Run RD with 148 training and 0 tests								
Run WBD with 5 training and 0 tests								
Run WSD with 140 training and 0 tests								
