Total Bootstraps 300
Num Species 12
BD; CD; FKW; FRA; KW; LPLT; PKW; RD; SPIN; SPLT; SPT; STR
Mean confusion
0.6427; 0.0872; 0.0345; 0.0431; 0.0000; 0.0008; 0.0042; 0.0129; 0.0113; 0.0136; 0.0614; 0.0883; 0.0000
0.0399; 0.5389; 0.0168; 0.0490; 0.0000; 0.0000; 0.0344; 0.0835; 0.0995; 0.0017; 0.0096; 0.1266; 0.0000
0.0360; 0.0264; 0.7209; 0.0000; 0.0092; 0.0373; 0.0095; 0.0001; 0.0000; 0.1409; 0.0073; 0.0123; 0.0000
0.0000; 0.0846; 0.0000; 0.5975; 0.0000; 0.0000; 0.0000; 0.2229; 0.0258; 0.0000; 0.0004; 0.0688; 0.0000
0.0000; 0.0000; 0.0381; 0.0000; 0.7258; 0.1282; 0.0005; 0.0000; 0.0000; 0.1073; 0.0000; 0.0000; 0.0000
0.0000; 0.0000; 0.0002; 0.0000; 0.3786; 0.5521; 0.0000; 0.0000; 0.0000; 0.0690; 0.0000; 0.0000; 0.0000
0.0000; 0.1700; 0.0000; 0.0000; 0.0000; 0.0000; 0.6033; 0.0000; 0.2267; 0.0000; 0.0000; 0.0000; 0.0000
0.0098; 0.0539; 0.0062; 0.2505; 0.0000; 0.0014; 0.0085; 0.4935; 0.0939; 0.0116; 0.0441; 0.0267; 0.0000
0.0000; 0.1167; 0.0000; 0.0250; 0.0000; 0.0000; 0.0273; 0.1027; 0.7258; 0.0000; 0.0000; 0.0025; 0.0000
0.0708; 0.0111; 0.1709; 0.0001; 0.1783; 0.1032; 0.0049; 0.0000; 0.0000; 0.4112; 0.0359; 0.0137; 0.0000
0.0460; 0.0135; 0.0143; 0.0009; 0.0086; 0.0074; 0.0205; 0.0315; 0.0163; 0.0175; 0.6837; 0.1398; 0.0000
0.0974; 0.1941; 0.0167; 0.0490; 0.0000; 0.0000; 0.0364; 0.0602; 0.0366; 0.0007; 0.1682; 0.3408; 0.0000
STD Confusion
0.2014; 0.0934; 0.0270; 0.0281; 0.0000; 0.0045; 0.0104; 0.0171; 0.0207; 0.0204; 0.0432; 0.0766; 0.0000
0.0359; 0.1579; 0.0221; 0.0273; 0.0000; 0.0000; 0.0303; 0.0515; 0.0458; 0.0044; 0.0106; 0.0702; 0.0000
0.0336; 0.0362; 0.1626; 0.0000; 0.0137; 0.0333; 0.0160; 0.0013; 0.0000; 0.1199; 0.0082; 0.0183; 0.0000
0.0000; 0.0967; 0.0000; 0.1171; 0.0000; 0.0000; 0.0000; 0.1285; 0.0526; 0.0000; 0.0072; 0.0630; 0.0000
0.0000; 0.0000; 0.0495; 0.0000; 0.1803; 0.0771; 0.0040; 0.0000; 0.0000; 0.0993; 0.0000; 0.0000; 0.0000
0.0000; 0.0000; 0.0041; 0.0000; 0.2657; 0.2551; 0.0000; 0.0000; 0.0000; 0.0565; 0.0000; 0.0000; 0.0000
0.0000; 0.3756; 0.0000; 0.0000; 0.0000; 0.0000; 0.4892; 0.0000; 0.4187; 0.0000; 0.0000; 0.0000; 0.0000
0.0126; 0.0447; 0.0112; 0.0840; 0.0000; 0.0054; 0.0115; 0.1790; 0.0662; 0.0184; 0.0588; 0.0239; 0.0000
0.0000; 0.0868; 0.0000; 0.0459; 0.0000; 0.0000; 0.0433; 0.0809; 0.1204; 0.0000; 0.0000; 0.0122; 0.0000
0.0850; 0.0168; 0.0870; 0.0019; 0.0987; 0.0785; 0.0143; 0.0000; 0.0000; 0.0747; 0.0327; 0.0193; 0.0000
0.0375; 0.0204; 0.0144; 0.0033; 0.0143; 0.0111; 0.0248; 0.0258; 0.0218; 0.0162; 0.0910; 0.0677; 0.0000
0.0500; 0.0528; 0.0225; 0.0477; 0.0000; 0.0000; 0.0285; 0.0359; 0.0267; 0.0028; 0.1419; 0.0910; 0.0000
Lower 95% CI
0.3000; 0.0000; 0.0000; 0.0000; 0.0000; 0.0000; 0.0000; 0.0000; 0.0000; 0.0000; 0.0000; 0.0000; 0.0000
0.0000; 0.1994; 0.0000; 0.0061; 0.0000; 0.0000; 0.0000; 0.0061; 0.0307; 0.0000; 0.0000; 0.0337; 0.0000
0.0000; 0.0000; 0.3446; 0.0000; 0.0000; 0.0000; 0.0000; 0.0000; 0.0000; 0.0135; 0.0000; 0.0000; 0.0000
0.0000; 0.0000; 0.0000; 0.3750; 0.0000; 0.0000; 0.0000; 0.0000; 0.0000; 0.0000; 0.0000; 0.0000; 0.0000
0.0000; 0.0000; 0.0000; 0.0000; 0.3750; 0.0000; 0.0000; 0.0000; 0.0000; 0.0000; 0.0000; 0.0000; 0.0000
0.0000; 0.0000; 0.0000; 0.0000; 0.0000; 0.1429; 0.0000; 0.0000; 0.0000; 0.0000; 0.0000; 0.0000; 0.0000
0.0000; 0.0000; 0.0000; 0.0000; 0.0000; 0.0000; 0.0000; 0.0000; 0.0000; 0.0000; 0.0000; 0.0000; 0.0000
0.0000; 0.0000; 0.0000; 0.1000; 0.0000; 0.0000; 0.0000; 0.1800; 0.0000; 0.0000; 0.0000; 0.0000; 0.0000
0.0000; 0.0000; 0.0000; 0.0000; 0.0000; 0.0000; 0.0000; 0.0000; 0.4375; 0.0000; 0.0000; 0.0000; 0.0000
0.0000; 0.0000; 0.0323; 0.0000; 0.0323; 0.0000; 0.0000; 0.0000; 0.0000; 0.2903; 0.0000; 0.0000; 0.0000
0.0000; 0.0000; 0.0000; 0.0000; 0.0000; 0.0000; 0.0000; 0.0000; 0.0000; 0.0000; 0.5270; 0.0270; 0.0000
0.0206; 0.1031; 0.0000; 0.0000; 0.0000; 0.0000; 0.0000; 0.0103; 0.0000; 0.0000; 0.0103; 0.2062; 0.0000
Upper 95% CI
0.9250; 0.3000; 0.1000; 0.1000; 0.0000; 0.0250; 0.0250; 0.0500; 0.0750; 0.0750; 0.1500; 0.2500; 0.0000
0.1350; 0.7546; 0.0675; 0.1043; 0.0000; 0.0000; 0.1012; 0.1933; 0.1902; 0.0184; 0.0368; 0.2883; 0.0000
0.1216; 0.1216; 0.9324; 0.0000; 0.0473; 0.1081; 0.0541; 0.0000; 0.0000; 0.4189; 0.0270; 0.0676; 0.0000
0.0000; 0.3125; 0.0000; 0.7500; 0.0000; 0.0000; 0.0000; 0.5000; 0.1250; 0.0000; 0.0000; 0.1250; 0.0000
0.0000; 0.0000; 0.1719; 0.0000; 0.9688; 0.2813; 0.0000; 0.0000; 0.0000; 0.3281; 0.0000; 0.0000; 0.0000
0.0000; 0.0000; 0.0000; 0.0000; 0.8571; 0.9286; 0.0000; 0.0000; 0.0000; 0.2143; 0.0000; 0.0000; 0.0000
0.0000; 1.0000; 0.0000; 0.0000; 0.0000; 0.0000; 1.0000; 0.0000; 1.0000; 0.0000; 0.0000; 0.0000; 0.0000
0.0400; 0.1500; 0.0400; 0.4200; 0.0000; 0.0200; 0.0400; 0.7900; 0.2400; 0.0600; 0.1600; 0.0800; 0.0000
0.0000; 0.3125; 0.0000; 0.1875; 0.0000; 0.0000; 0.1250; 0.2500; 0.9375; 0.0000; 0.0000; 0.0625; 0.0000
0.2258; 0.0484; 0.3548; 0.0000; 0.3871; 0.2581; 0.0645; 0.0000; 0.0000; 0.5484; 0.0968; 0.0645; 0.0000
0.1284; 0.0743; 0.0541; 0.0135; 0.0405; 0.0270; 0.0811; 0.0878; 0.0743; 0.0541; 0.8378; 0.2703; 0.0000
0.2165; 0.2990; 0.0619; 0.1701; 0.0000; 0.0000; 0.1031; 0.1443; 0.0928; 0.0103; 0.4278; 0.5361; 0.0000
Run BD with 119 training and 0 tests
Run CD with 487 training and 0 tests
Run FKW with 221 training and 0 tests
Run FRA with 22 training and 0 tests
Run KW with 96 training and 0 tests
Run LPLT with 42 training and 0 tests
Run PKW with 2 training and 0 tests
Run RD with 148 training and 0 tests
Run SPIN with 48 training and 0 tests
Run SPLT with 92 training and 0 tests
Run SPT with 222 training and 0 tests
Run STR with 291 training and 0 tests