Total Bootstraps 300																																		
Num Species 11																																		
BD	 FKW	 FRA	 KW	 LPLT	 PKW	 RD	 SPIN	 SPLT	 SPT	 STR																								
Mean confusion													BD	 FKW	 FRA	 KW	 LPLT	 PKW	 RD	 SPIN	 SPLT	 SPT	 STR	BD	 FKW	 FRA	 KW	 LPLT	 PKW	 RD	 SPIN	 SPLT	 SPT	 STR
0.6134	0.043	0.05	0	0.0007	0.0115	0.0243	0.0163	0.02	0.0653	0.1556	0	BD	61.3	4.3	5.0	0.0	0.1	1.2	2.4	1.6	2.0	6.5	15.6	0.005		0.904	#DIV/0!	1.000	1.000	0.997	0.998	0.999	0.705	0.314
0.032	0.749	0	0.007	0.0289	0.0107	0.0003	0	0.1459	0.0056	0.0204	0	FKW	3.2	74.9	0.0	0.7	2.9	1.1	0.0	0.0	14.6	0.6	2.0		0.000		1.000	0.989	1.000	1.000	1.000	0.327	1.000	0.986
0	0	0.6312	0	0	0	0.2646	0.0342	0	0	0.07	0	FRA	0.0	0.0	63.1	0.0	0.0	0.0	26.5	3.4	0.0	0.0	7.0			0.000		#DIV/0!	#DIV/0!	0.090	0.820	#DIV/0!	#DIV/0!	0.616
0	0.0394	0	0.7255	0.1323	0.0003	0	0	0.1025	0	0	0	KW	0.0	3.9	0.0	72.6	13.2	0.0	0.0	0.0	10.3	0.0	0.0				0.000		1.000	#DIV/0!	#DIV/0!	0.450	#DIV/0!	#DIV/0!
0	0	0	0.3698	0.5743	0	0	0	0.056	0	0	0	LPLT	0.0	0.0	0.0	37.0	57.4	0.0	0.0	0.0	5.6	0.0	0.0		#DIV/0!			0.032		#DIV/0!	#DIV/0!	0.735	#DIV/0!	#DIV/0!
0	0	0	0	0	0.61	0.0067	0.2633	0	0	0.12	0	PKW	0.0	0.0	0.0	0.0	0.0	61.0	0.7	26.3	0.0	0.0	12.0		#DIV/0!	#DIV/0!			0.144		0.348	#DIV/0!	#DIV/0!	0.464
0.015	0.0093	0.2567	0	0.0015	0.0082	0.4985	0.1023	0.0135	0.0514	0.0435	0	RD	1.5	0.9	25.7	0.0	0.2	0.8	49.9	10.2	1.4	5.1	4.4		1.000	0.031	#DIV/0!			0.012		1.000	0.736	0.890
0	0	0.0498	0	0	0.0492	0.1402	0.7396	0	0	0.0213	0	SPIN	0.0	0.0	5.0	0.0	0.0	4.9	14.0	74.0	0.0	0.0	2.1		#DIV/0!	0.732	#DIV/0!	#DIV/0!			0.000		#DIV/0!	0.971
0.0659	0.1798	0.0001	0.1976	0.1065	0.0085	0	0	0.3918	0.034	0.0158	0	SPLT	6.6	18.0	0.0	19.8	10.7	0.9	0.0	0.0	39.2	3.4	1.6		0.166	1.000	0.135	0.420	1.000	#DIV/0!		0.000		1.000
0.0461	0.0172	0.002	0.0096	0.0084	0.0232	0.0327	0.0265	0.0197	0.6601	0.1545	0	SPT	4.6	1.7	0.2	1.0	0.8	2.3	3.3	2.7	2.0	66.0	15.5		1.000	1.000	1.000	1.000	0.992	0.980			0.000	
0.0989	0.0191	0.074	0	0	0.0392	0.0858	0.048	0.0007	0.1585	0.4758	0	STR	9.9	1.9	7.4	0.0	0.0	3.9	8.6	4.8	0.1	15.9	47.6		0.999	0.602	#DIV/0!	#DIV/0!	0.943	0.538	0.891			0.001
STD Confusion																																		
0.2001	0.0362	0.0314	0	0.004	0.0192	0.0239	0.0258	0.0231	0.0475	0.1338	0		20.0	3.6	3.1	0.0	0.4	1.9	2.4	2.6	2.3	4.8	13.4													
0.0338	0.1569	0.0008	0.0106	0.0271	0.0186	0.002	0.0008	0.1227	0.0078	0.0319	0		3.4	15.7	0.1	1.1	2.7	1.9	0.2	0.1	12.3	0.8	3.2													
0	0	0.1119	0	0	0	0.1293	0.0619	0	0	0.0707	0		0.0	0.0	11.2	0.0	0.0	0.0	12.9	6.2	0.0	0.0	7.1													
0	0.0497	0	0.1763	0.0778	0.0031	0	0	0.0931	0	0	0		0.0	5.0	0.0	17.6	7.8	0.3	0.0	0.0	9.3	0.0	0.0													
0	0	0	0.2644	0.2602	0	0	0	0.0555	0	0	0		0.0	0.0	0.0	26.4	26.0	0.0	0.0	0.0	5.6	0.0	0.0													
0	0	0	0	0	0.4877	0.0814	0.4404	0	0	0.325	0		0.0	0.0	0.0	0.0	0.0	48.8	8.1	44.0	0.0	0.0	32.5													
0.0189	0.0147	0.0887	0	0.0055	0.0125	0.1799	0.074	0.0197	0.0626	0.0387	0		1.9	1.5	8.9	0.0	0.6	1.3	18.0	7.4	2.0	6.3	3.9													
0	0	0.0664	0	0	0.0675	0.0932	0.119	0	0	0.0367	0		0.0	0.0	6.6	0.0	0.0	6.8	9.3	11.9	0.0	0.0	3.7													
0.0855	0.0916	0.0019	0.0968	0.0774	0.0192	0	0	0.0759	0.0314	0.0213	0		8.6	9.2	0.2	9.7	7.7	1.9	0.0	0.0	7.6	3.1	2.1													
0.0374	0.0145	0.0055	0.0142	0.0121	0.0282	0.0282	0.0303	0.0188	0.0933	0.0674	0		3.7	1.5	0.6	1.4	1.2	2.8	2.8	3.0	1.9	9.3	6.7		61.3	0.0	0.0	0.0	0.0	0.0	0.0	0.0	0.0	0.0	0.0	61.3
0.0505	0.0239	0.0654	0	0	0.0328	0.0542	0.0349	0.0029	0.1431	0.1241	0		5.1	2.4	6.5	0.0	0.0	3.3	5.4	3.5	0.3	14.3	12.4		0.0	74.9	0.0	0.0	0.0	0.0	0.0	0.0	0.0	0.0	0.0	74.9
Lower 95% CI																									0.0	0.0	63.1	0.0	0.0	0.0	0.0	0.0	0.0	0.0	0.0	63.1
0.325	0	0	0	0	0	0	0	0	0	0	0														0.0	0.0	0.0	72.6	0.0	0.0	0.0	0.0	0.0	0.0	0.0	72.6
0	0.3649	0	0	0	0	0	0	0.0135	0	0	0														0.0	0.0	0.0	0.0	57.4	0.0	0.0	0.0	0.0	0.0	0.0	57.4
0	0	0.375	0	0	0	0	0	0	0	0	0														0.0	0.0	0.0	0.0	0.0	61.0	0.0	0.0	0.0	0.0	0.0	61.0
0	0	0	0.375	0	0	0	0	0	0	0	0														0.0	0.0	0.0	0.0	0.0	0.0	49.9	0.0	0.0	0.0	0.0	49.9
0	0	0	0	0.1429	0	0	0	0	0	0	0														0.0	0.0	0.0	0.0	0.0	0.0	0.0	74.0	0.0	0.0	0.0	74.0
0	0	0	0	0	0	0	0	0	0	0	0														0.0	0.0	0.0	0.0	0.0	0.0	0.0	0.0	39.2	0.0	0.0	39.2
0	0	0.1	0	0	0	0.2	0	0	0	0	0														0.0	0.0	0.0	0.0	0.0	0.0	0.0	0.0	0.0	66.0	0.0	66.0
0	0	0	0	0	0	0	0.5	0	0	0	0														0.0	0.0	0.0	0.0	0.0	0.0	0.0	0.0	0.0	0.0	47.6	47.6
0	0.0161	0	0.0323	0	0	0	0	0.2581	0	0	0														0.0	0.0	0.0	0.0	0.0	0.0	0.0	0.0	0.0	0.0	0.0	0.0
0	0	0	0	0	0	0	0	0	0.4865	0.0405	0														0.0	0.0	0.0	0.0	0.0	0.0	0.0	0.0	0.0	0.0	0.0	0.0
0.0258	0	0	0	0	0	0.0103	0	0	0.0103	0.2784	0														0.0	0.0	0.0	0.0	0.0	0.0	0.0	0.0	0.0	0.0	0.0	0.0
Upper 95% CI																									0.0	0.0	0.0	0.0	0.0	0.0	0.0	0.0	0.0	0.0	0.0	0.0
0.925	0.125	0.1125	0	0.025	0.0625	0.075	0.1	0.075	0.15	0.425	0																									60.6
0.1149	0.9595	0	0.027	0.0946	0.0676	0.0068	0	0.473	0.027	0.1149	0																									
0	0	0.875	0	0	0	0.5	0.1875	0	0	0.25	0																									
0	0.1875	0	0.9688	0.3125	0	0	0	0.3125	0	0	0																									
0	0	0	0.8571	1	0	0	0	0.2143	0	0	0																									
0	0	0	0	0	1	0	1	0	0	1	0																									
0.06	0.04	0.43	0	0.02	0.04	0.81	0.25	0.06	0.16	0.14	0																									
0	0	0.1875	0	0	0.25	0.3125	1	0	0	0.125	0																									
0.2258	0.3548	0	0.3871	0.2903	0.0645	0	0	0.5484	0.0968	0.0645	0
0.1351	0.0541	0.0135	0.0405	0.0405	0.0811	0.1014	0.0946	0.0676	0.8243	0.2973	0
0.2268	0.0619	0.232	0	0	0.1134	0.2062	0.1237	0.0103	0.4227	0.7268	0
Run BD with 119 training and 0 tests											
Run FKW with 221 training and 0 tests											
Run FRA with 22 training and 0 tests											
Run KW with 96 training and 0 tests											
Run LPLT with 42 training and 0 tests											
Run PKW with 2 training and 0 tests											
Run RD with 148 training and 0 tests											
Run SPIN with 48 training and 0 tests											
Run SPLT with 92 training and 0 tests											
Run SPT with 222 training and 0 tests											
Run STR with 291 training and 0 tests											
